# 64MB k = 64 put% = 160% select% = 200%
1   1000    6.00        2.80
2   1000    6.24        2.59
3   1000    6.93        3.03
4   1000    6.34        2.68
5   1000    6.54        2.60
6   1000    6.33        2.61
7   1000    6.41        2.49
8   1000    6.60        2.62
9   1000    5.90        2.50
10  1000    6.74        2.75
1   2000    6.51        2.63
2   2000    7.01        2.74
3   2000    6.53        2.61
4   2000    6.59        2.62
5   2000    6.11        2.63
6   2000    7.08        2.68
7   2000    7.37        4.20
8   2000    7.00        2.82
9   2000    6.90        2.57
10  2000    6.04        2.54
1   3000    6.73        2.71
2   3000    7.05        3.07
3   3000    6.92        2.72
4   3000    5.55        2.50
5   3000    7.25        2.57
6   3000    6.50        2.84
7   3000    6.06        2.58
8   3000    6.26        2.60
9   3000    6.24        2.59
10  3000    6.06        2.55
1   4000    7.07        2.71
2   4000    6.59        2.55
3   4000    7.13        2.87
4   4000    6.52        2.63
5   4000    5.95        2.56
6   4000    6.85        2.55
7   4000    5.62        2.60
8   4000    6.26        2.84
9   4000    5.84        2.55
10  4000    6.02        2.50
1   5000    6.40        2.61
2   5000    6.98        2.56
3   5000    6.80        3.25
4   5000    6.79        2.62
5   5000    6.80        2.62
6   5000    7.47        2.99
7   5000    6.38        2.59
8   5000    7.04        2.67
9   5000    7.16        2.80
10  5000    8.44        4.21
# 1GB
1   5000    14.17       7.54
2   5000    14.94       7.35
3   5000    13.94       7.33
4   5000    14.27       7.61
5   5000    14.15       7.43
6   5000    14.20       7.34
7   5000    13.76       7.34
8   5000    14.66       7.33
9   5000    13.79       7.52
10  5000    14.23       7.04
1   4000    13.93       7.00
2   4000    14.37       7.56
3   4000    14.20       7.03
4   4000    14.31       7.58
5   4000    13.71       7.31
6   4000    14.24       7.68
7   4000    14.42       7.94
8   4000    13.95       7.30
9   4000    14.24       7.35
10  4000    14.04       7.13
1   3000    13.62       7.31
2   3000    13.35       7.05
3   3000    13.39       7.41
4   3000    13.56       7.32
5   3000    13.77       7.31
6   3000    13.76       7.62
7   3000    13.28       7.55
8   3000    13.79       7.46
9   3000    14.12       7.17
10  3000    14.58       9.80
1   2000    13.63       7.21
2   2000    13.79       7.13
3   2000    13.09       7.05
4   2000    13.89       7.50
5   2000    12.54       7.32
6   2000    12.88       7.02
7   2000    13.70       7.25
8   2000    12.22       7.23
9   2000    13.76       7.18
10  2000    12.60       7.03
1   1000    13.97       7.94
2   1000    12.52       7.10
3   1000    13.00       7.04
4   1000    13.57       6.88
5   1000    12.41       6.99
6   1000    13.63       7.92
7   1000    12.77       7.29
8   1000    13.28       7.29
9   1000    12.53       7.29
10  1000    12.71       7.37
# 1GB, put% = 120%
1   1000    11.81       7.15
2   1000    11.71       7.26
3   1000    12.26       8.38
4   1000    10.89       7.17
5   1000    11.22       6.99
6   1000    11.14       7.09
7   1000    10.80       7.08
8   1000    11.58       7.87
9   1000    10.86       7.39
10  1000    11.74       9.90
1   2000    10.78       7.22
2   2000    11.65       7.18
3   2000    11.78       7.22
4   2000    12.05       7.87
5   2000    11.73       7.71
6   2000    11.17       7.24
7   2000    10.91       7.17
8   2000    10.94       7.27
9   2000    10.79       7.05
10  2000    11.86       7.77
1   3000    11.28       7.30
2   3000    11.09       7.41
3   3000    11.78       7.29
4   3000    12.40       7.65
5   3000    11.17       7.26
6   3000    10.75       6.92
7   3000    11.78       7.14
8   3000    12.08       7.47
9   3000    11.55       7.16
10  3000    10.74       7.09
1   4000    11.58       7.38
2   4000    11.70       7.19
3   4000    11.15       7.28
4   4000    11.19       6.96
5   4000    12.18       7.29
6   4000    11.37       7.19
7   4000    11.73       7.53
8   4000    11.13       7.17
9   4000    11.05       7.22
10  4000    12.73       8.68
1   5000    13.54       9.56
2   5000    12.41       7.51
3   5000    12.98       9.60
4   5000    11.13       7.39
5   5000    12.23       7.45
6   5000    12.50       7.30
7   5000    11.71       7.26
8   5000    12.62       7.35
9   5000    11.80       7.37
10  5000    10.65       7.22