# 64MB
1   500     11.39       9.73
2   500     11.49       10.42
3   500     13.48       9.55
4   500     13.10       12.12
5   500     12.55       12.23
6   500     10.98       10.27
7   500     20.58       18.06
8   500     12.04       9.65
9   500     12.05       9.79
10  500     12.94       12.02
1   120     3.52        2.32
2   120     11.32       9.03
3   120     16.91       16.38
4   120     3.64        0.17
5   120     10.97       8.90
6   120     10.22       8.23
7   120     3.21        1.20
8   120     11.03       8.29
9   120     4.46        0.17
10  120     10.15       10.42
1   1000    13.52       11.81
2   1000    3.58        1.42
3   1000    12.36       12.52
4   1000    12.81       11.27
5   1000    13.83       12.62
6   1000    12.10       10.14
7   1000    11.42       10.36
8   1000    11.38       11.23
9   1000    13.76       12.30
10  1000    10.90       9.50
1   2000    11.60       12.45
2   2000    21.79       18.31
3   2000    21.03       17.46
4   2000    12.24       11.04
5   2000    12.19       12.93
6   2000    4.52        4.12
7   2000    10.69       10.04
8   2000    12.03       12.65
9   2000    13.68       10.53
10  2000    13.08       10.38
1   3000    13.05       10.38
2   3000    10.79       10.41
3   3000    3.62        1.25
4   3000    12.75       11.97
5   3000    13.14       11.23
6   3000    13.33       10.61
7   3000    13.81       10.20
8   3000    22.24       21.50
9   3000    12.60       10.72
10  3000    11.26       10.03
1   4000    23.04       19.50
2   4000    13.35       12.35
3   4000    12.58       10.50
4   4000    2.53        1.21
5   4000    11.98       12.87
6   4000    13.34       10.51
7   4000    13.46       12.30
8   4000    12.69       10.77
9   4000    12.87       10.79
10  4000    13.43       12.24
