protocol,#peer,AFR,#object,repair
entropy-0,10000,1,100000,12705807
entropy-0,10000,1,100000,12708340
entropy-0,10000,1,100000,12706592
entropy-0,10000,1,100000,12709798
entropy-0,10000,1,100000,12709855
entropy-0,10000,1,100000,12709077
entropy-0,10000,1,100000,12707572
entropy-0,10000,1,100000,12704524
entropy-0,10000,1,100000,12700792
entropy-0,10000,1,100000,12707479
entropy-0.25,10000,1,100000,9532041
entropy-0.25,10000,1,100000,9534047
entropy-0.25,10000,1,100000,9532114
entropy-0.25,10000,1,100000,9534320
entropy-0.25,10000,1,100000,9530690
entropy-0.25,10000,1,100000,9530173
entropy-0.25,10000,1,100000,9525780
entropy-0.25,10000,1,100000,9529477
entropy-0.25,10000,1,100000,9533031
entropy-0.25,10000,1,100000,9531515
entropy-0.5,10000,1,100000,6359445
entropy-0.5,10000,1,100000,6357624
entropy-0.5,10000,1,100000,6358947
entropy-0.5,10000,1,100000,6356139
entropy-0.5,10000,1,100000,6357387
entropy-0.5,10000,1,100000,6356276
entropy-0.5,10000,1,100000,6358594
entropy-0.5,10000,1,100000,6357444
entropy-0.5,10000,1,100000,6352936
entropy-0.5,10000,1,100000,6358733
entropy-0.75,10000,1,100000,3189450
entropy-0.75,10000,1,100000,3188085.8
entropy-0.75,10000,1,100000,3186221
entropy-0.75,10000,1,100000,3186145.8
entropy-0.75,10000,1,100000,3189581.5
entropy-0.75,10000,1,100000,3190356
entropy-0.75,10000,1,100000,3189660
entropy-0.75,10000,1,100000,3190316.3
entropy-0.75,10000,1,100000,3187824
entropy-0.75,10000,1,100000,3187781
entropy-1,10000,1,100000,198526.19
entropy-1,10000,1,100000,198584.28
entropy-1,10000,1,100000,198518.33
entropy-1,10000,1,100000,198542.81
entropy-1,10000,1,100000,198541.2
entropy-1,10000,1,100000,198505.33
entropy-1,10000,1,100000,198552.22
entropy-1,10000,1,100000,198522.6
entropy-1,10000,1,100000,198608.73
entropy-1,10000,1,100000,198510.86
replicated,10000,1,100000,301200
replicated,10000,1,100000,299531
replicated,10000,1,100000,298057
replicated,10000,1,100000,300440
replicated,10000,1,100000,298830
replicated,10000,1,100000,301552
replicated,10000,1,100000,302409
replicated,10000,1,100000,298405
replicated,10000,1,100000,298253
replicated,10000,1,100000,305019
replicated,10000,1,10000,30065
replicated,10000,1,10000,29616
replicated,10000,1,10000,29851
replicated,10000,1,10000,29738
replicated,10000,1,10000,30221
replicated,10000,1,10000,29851
replicated,10000,1,10000,29987
replicated,10000,1,10000,29583
replicated,10000,1,10000,30329
replicated,10000,1,10000,30248
replicated,10000,1,1000,2979
replicated,10000,1,1000,3045
replicated,10000,1,1000,2982
replicated,10000,1,1000,3033
replicated,10000,1,1000,3020
replicated,10000,1,1000,2956
replicated,10000,1,1000,3056
replicated,10000,1,1000,3032
replicated,10000,1,1000,2932
replicated,10000,1,1000,3105
replicated,10000,1,100,340
replicated,10000,1,100,321
replicated,10000,1,100,309
replicated,10000,1,100,253
replicated,10000,1,100,294
replicated,10000,1,100,308
replicated,10000,1,100,325
replicated,10000,1,100,306
replicated,10000,1,100,313
replicated,10000,1,100,336
replicated,10000,1,10,25
replicated,10000,1,10,31
replicated,10000,1,10,27
replicated,10000,1,10,33
replicated,10000,1,10,35
replicated,10000,1,10,28
replicated,10000,1,10,23
replicated,10000,1,10,23
replicated,10000,1,10,26
replicated,10000,1,10,30
entropy-0,10000,1,10,1234
entropy-0,10000,1,10,1258
entropy-0,10000,1,10,1266
entropy-0,10000,1,10,1327
entropy-0,10000,1,10,1291
entropy-0,10000,1,10,1252
entropy-0,10000,1,10,1208
entropy-0,10000,1,10,1235
entropy-0,10000,1,10,1298
entropy-0,10000,1,10,1233
entropy-0.25,10000,1,10,947.4531
entropy-0.25,10000,1,10,930.40625
entropy-0.25,10000,1,10,916.0469
entropy-0.25,10000,1,10,949.8906
entropy-0.25,10000,1,10,969.21875
entropy-0.25,10000,1,10,968.6875
entropy-0.25,10000,1,10,958.65625
entropy-0.25,10000,1,10,934.2656
entropy-0.25,10000,1,10,949.5
entropy-0.25,10000,1,10,935.75
entropy-0.5,10000,1,10,641.6875
entropy-0.5,10000,1,10,638.46875
entropy-0.5,10000,1,10,624.2656
entropy-0.5,10000,1,10,641.3125
entropy-0.5,10000,1,10,633.5156
entropy-0.5,10000,1,10,647.78125
entropy-0.5,10000,1,10,652.25
entropy-0.5,10000,1,10,622.7031
entropy-0.5,10000,1,10,623.2031
entropy-0.5,10000,1,10,648.6719
entropy-0.75,10000,1,10,326.39063
entropy-0.75,10000,1,10,336.625
entropy-0.75,10000,1,10,345.125
entropy-0.75,10000,1,10,293.4375
entropy-0.75,10000,1,10,326.3125
entropy-0.75,10000,1,10,335.54688
entropy-0.75,10000,1,10,337.70313
entropy-0.75,10000,1,10,316.5625
entropy-0.75,10000,1,10,336.26563
entropy-0.75,10000,1,10,315.17188
entropy-1,10000,1,10,18.75
entropy-1,10000,1,10,20.28125
entropy-1,10000,1,10,19.578125
entropy-1,10000,1,10,20.140625
entropy-1,10000,1,10,20.484375
entropy-1,10000,1,10,19.34375
entropy-1,10000,1,10,18.796875
entropy-1,10000,1,10,20.046875
entropy-1,10000,1,10,19.875
entropy-1,10000,1,10,19.953125
entropy-1,10000,1,100,199.04688
entropy-1,10000,1,100,198.73438
entropy-1,10000,1,100,196.375
entropy-1,10000,1,100,198.96875
entropy-1,10000,1,100,200.09375
entropy-1,10000,1,100,196.1875
entropy-1,10000,1,100,197.73438
entropy-1,10000,1,100,197.125
entropy-1,10000,1,100,199.15625
entropy-1,10000,1,100,199.03125
entropy-0.75,10000,1,100,3353.5938
entropy-0.75,10000,1,100,3260.5469
entropy-0.75,10000,1,100,3315.2656
entropy-0.75,10000,1,100,3314.0469
entropy-0.75,10000,1,100,3263.5
entropy-0.75,10000,1,100,3332.875
entropy-0.75,10000,1,100,3293.7969
entropy-0.75,10000,1,100,3352.75
entropy-0.75,10000,1,100,3303.9531
entropy-0.75,10000,1,100,3195.5313
entropy-0.5,10000,1,100,6490.797
entropy-0.5,10000,1,100,6334.75
entropy-0.5,10000,1,100,6421.953
entropy-0.5,10000,1,100,6398.0938
entropy-0.5,10000,1,100,6465.672
entropy-0.5,10000,1,100,6517.328
entropy-0.5,10000,1,100,6455.6094
entropy-0.5,10000,1,100,6462.3906
entropy-0.5,10000,1,100,6409.6563
entropy-0.5,10000,1,100,6322.8906
entropy-0.25,10000,1,100,9521.6875
entropy-0.25,10000,1,100,9477.859
entropy-0.25,10000,1,100,9458.75
entropy-0.25,10000,1,100,9615.031
entropy-0.25,10000,1,100,9479.828
entropy-0.25,10000,1,100,9624.016
entropy-0.25,10000,1,100,9589.859
entropy-0.25,10000,1,100,9617.3125
entropy-0.25,10000,1,100,9598.047
entropy-0.25,10000,1,100,9458.125
entropy-0,10000,1,100,12589
entropy-0,10000,1,100,12682
entropy-0,10000,1,100,12719
entropy-0,10000,1,100,12767
entropy-0,10000,1,100,12682
entropy-0,10000,1,100,12712
entropy-0,10000,1,100,12668
entropy-0,10000,1,100,12787
entropy-0,10000,1,100,12751
entropy-0,10000,1,100,12427
entropy-0,10000,1,1000,127515
entropy-0,10000,1,1000,127355
entropy-0,10000,1,1000,127613
entropy-0,10000,1,1000,127091
entropy-0,10000,1,1000,127096
entropy-0,10000,1,1000,126834
entropy-0,10000,1,1000,126625
entropy-0,10000,1,1000,127050
entropy-0,10000,1,1000,126697
entropy-0,10000,1,1000,126429
entropy-0.25,10000,1,1000,96009.09
entropy-0.25,10000,1,1000,96166.06
entropy-0.25,10000,1,1000,95996.84
entropy-0.25,10000,1,1000,95830.2
entropy-0.25,10000,1,1000,95950.375
entropy-0.25,10000,1,1000,95731.69
entropy-0.25,10000,1,1000,95399.64
entropy-0.25,10000,1,1000,95975.25
entropy-0.25,10000,1,1000,95161.56
entropy-0.25,10000,1,1000,95268.61
entropy-0.5,10000,1,1000,64713.844
entropy-0.5,10000,1,1000,64812.734
entropy-0.5,10000,1,1000,64514.563
entropy-0.5,10000,1,1000,64520.188
entropy-0.5,10000,1,1000,64809.67
entropy-0.5,10000,1,1000,64551.61
entropy-0.5,10000,1,1000,64144.75
entropy-0.5,10000,1,1000,64629.797
entropy-0.5,10000,1,1000,64117.33
entropy-0.5,10000,1,1000,64040.297
entropy-0.75,10000,1,1000,33345.75
entropy-0.75,10000,1,1000,33559.813
entropy-0.75,10000,1,1000,33136.625
entropy-0.75,10000,1,1000,33229.86
entropy-0.75,10000,1,1000,33317.547
entropy-0.75,10000,1,1000,33235.688
entropy-0.75,10000,1,1000,32835.72
entropy-0.75,10000,1,1000,33422.156
entropy-0.75,10000,1,1000,32858.5
entropy-0.75,10000,1,1000,33004.92
entropy-1,10000,1,1000,1989.25
entropy-1,10000,1,1000,1986.8594
entropy-1,10000,1,1000,1993.2188
entropy-1,10000,1,1000,1985.0156
entropy-1,10000,1,1000,1989.6406
entropy-1,10000,1,1000,1975.8281
entropy-1,10000,1,1000,1982.9375
entropy-1,10000,1,1000,1987.6875
entropy-1,10000,1,1000,1987.5
entropy-1,10000,1,1000,1981.5156
entropy-0.75,100000,1,1000,33466.234
entropy-0.75,100000,1,1000,33668.344
entropy-0.75,100000,1,1000,33355.063
entropy-0.75,100000,1,1000,33396.92
entropy-0.75,100000,1,1000,33563.063
entropy-0.75,100000,1,1000,33404.156
entropy-0.75,100000,1,1000,33333.266
entropy-0.75,100000,1,1000,33561.313
entropy-0.75,100000,1,1000,33454.563
entropy-0.75,100000,1,1000,33372.703
entropy-0.5,100000,1,1000,65439.047
entropy-0.5,100000,1,1000,64931.375
entropy-0.5,100000,1,1000,64994.844
entropy-0.5,100000,1,1000,64619.734
entropy-0.5,100000,1,1000,64736.797
entropy-0.5,100000,1,1000,65199.89
entropy-0.5,100000,1,1000,65170.14
entropy-0.5,100000,1,1000,65174.516
entropy-0.5,100000,1,1000,64748.625
entropy-0.5,100000,1,1000,64580.344
entropy-0.25,100000,1,1000,96378.69
entropy-0.25,100000,1,1000,96729.375
entropy-0.25,100000,1,1000,96382.16
entropy-0.25,100000,1,1000,96107.92
entropy-0.25,100000,1,1000,96531.34
entropy-0.25,100000,1,1000,96127.53
entropy-0.25,100000,1,1000,96555.19
entropy-0.25,100000,1,1000,96521.3
entropy-0.25,100000,1,1000,96663.69
entropy-0.25,100000,1,1000,96136.45
entropy-0,100000,1,1000,127829
entropy-0,100000,1,1000,127792
entropy-0,100000,1,1000,127859
entropy-0,100000,1,1000,128193
entropy-0,100000,1,1000,127724
entropy-0,100000,1,1000,128442
entropy-0,100000,1,1000,127413
entropy-0,100000,1,1000,127851
entropy-0,100000,1,1000,128116
entropy-0,100000,1,1000,128207
entropy-0,100000,1,10000,1278427
entropy-0,100000,1,10000,1280817
entropy-0,100000,1,10000,1281426
entropy-0,100000,1,10000,1276965
entropy-0,100000,1,10000,1279206
entropy-0,100000,1,10000,1279467
entropy-0,100000,1,10000,1280586
entropy-0,100000,1,10000,1279068
entropy-0,100000,1,10000,1280652
entropy-0,100000,1,10000,1279829
entropy-0.25,100000,1,10000,960705.2
entropy-0.25,100000,1,10000,962323.44
entropy-0.25,100000,1,10000,960475.6
entropy-0.25,100000,1,10000,960875.75
entropy-0.25,100000,1,10000,960828.56
entropy-0.25,100000,1,10000,962127.4
entropy-0.25,100000,1,10000,959434.06
entropy-0.25,100000,1,10000,960447.25
entropy-0.25,100000,1,10000,961867.6
entropy-0.25,100000,1,10000,962485.1
entropy-0.5,100000,1,10000,644135.94
entropy-0.5,100000,1,10000,644438.1
entropy-0.5,100000,1,10000,644215
entropy-0.5,100000,1,10000,644862.75
entropy-0.5,100000,1,10000,643289.9
entropy-0.5,100000,1,10000,644233.4
entropy-0.5,100000,1,10000,643788.7
entropy-0.5,100000,1,10000,644245.5
entropy-0.5,100000,1,10000,643115.4
entropy-0.5,100000,1,10000,644591.75
entropy-0.75,100000,1,10000,331629.94
entropy-0.75,100000,1,10000,331360.25
entropy-0.75,100000,1,10000,331279.3
entropy-0.75,100000,1,10000,331214.8
entropy-0.75,100000,1,10000,331607.3
entropy-0.75,100000,1,10000,331783.13
entropy-0.75,100000,1,10000,331293.8
entropy-0.75,100000,1,10000,331648.56
entropy-0.75,100000,1,10000,332027.56
entropy-0.75,100000,1,10000,331764.75
entropy-1,100000,1,10000,20017.578
entropy-1,100000,1,10000,19968.313
entropy-1,100000,1,10000,19963.766
entropy-1,100000,1,10000,19993.234
entropy-1,100000,1,10000,19943.172
entropy-1,100000,1,10000,19994.14
entropy-1,100000,1,10000,20009.75
entropy-1,100000,1,10000,19974.531
entropy-1,100000,1,10000,19997.422
entropy-1,100000,1,10000,19982.453
entropy-1,100000,0.5,1000,791.28125

entropy-1,100000,0.5,1000,797.1406
entropy-1,100000,0.5,1000,826.4531
entropy-1,100000,0.5,1000,825.90625
entropy-1,100000,0.5,1000,822.0781
entropy-1,100000,0.5,1000,832.5469
entropy-1,100000,0.5,1000,851.3281
entropy-1,100000,0.5,1000,834.3594
entropy-1,100000,0.5,1000,881.2656
entropy-1,100000,0.5,1000,874.5625
entropy-1,100000,2,1000,3776.0469
entropy-1,100000,2,1000,3778.6875
entropy-1,100000,2,1000,3783.8594
entropy-1,100000,2,1000,3819.1719
entropy-1,100000,2,1000,3807.5313
entropy-1,100000,2,1000,3816.625
entropy-1,100000,2,1000,3779.0313
entropy-1,100000,2,1000,3784.75
entropy-1,100000,2,1000,3817.8438
entropy-1,100000,2,1000,3792.6406
entropy-1,100000,4,1000,7676.875
entropy-1,100000,4,1000,7687.7188
entropy-1,100000,4,1000,7746.8125
entropy-1,100000,4,1000,7699.8594
entropy-1,100000,4,1000,7708.1406
entropy-1,100000,4,1000,7691.7656
entropy-1,100000,4,1000,7675.047
entropy-1,100000,4,1000,7725.8594
entropy-1,100000,4,1000,7724.9844
entropy-1,100000,4,1000,7734.9688
entropy-0.75,100000,0.5,1000,13046.531
entropy-0.75,100000,0.5,1000,13399.406
entropy-0.75,100000,0.5,1000,14119.984
entropy-0.75,100000,0.5,1000,12872.922
entropy-0.75,100000,0.5,1000,13773.016
entropy-0.75,100000,0.5,1000,13873.719
entropy-0.75,100000,0.5,1000,13735.9375
entropy-0.75,100000,0.5,1000,13952.328
entropy-0.75,100000,0.5,1000,13851.969
entropy-0.75,100000,0.5,1000,14858.875
entropy-0.75,100000,2,1000,63548.484
entropy-0.75,100000,2,1000,63467.36
entropy-0.75,100000,2,1000,63743.203
entropy-0.75,100000,2,1000,63398.813
entropy-0.75,100000,2,1000,63651.36
entropy-0.75,100000,2,1000,63412.75
entropy-0.75,100000,2,1000,63677.734
entropy-0.75,100000,2,1000,63966.063
entropy-0.75,100000,2,1000,63332.516
entropy-0.75,100000,2,1000,63979.938
entropy-0.75,100000,4,1000,129545.8
entropy-0.75,100000,4,1000,128250.34
entropy-0.75,100000,4,1000,130193.266
entropy-0.75,100000,4,1000,129303.45
entropy-0.75,100000,4,1000,128412.484
entropy-0.75,100000,4,1000,128833.766
entropy-0.75,100000,4,1000,128692.44
entropy-0.75,100000,4,1000,129477.22
entropy-0.75,100000,4,1000,129422.375
entropy-0.75,100000,4,1000,129447.8
entropy-0.5,100000,0.5,1000,25027.984
entropy-0.5,100000,0.5,1000,25325.625
entropy-0.5,100000,0.5,1000,27009.125
entropy-0.5,100000,0.5,1000,26091.938
entropy-0.5,100000,0.5,1000,26421.578
entropy-0.5,100000,0.5,1000,26753.281
entropy-0.5,100000,0.5,1000,27152.797
entropy-0.5,100000,0.5,1000,27410.031
entropy-0.5,100000,0.5,1000,28585
entropy-0.5,100000,0.5,1000,26656.516
entropy-0.5,100000,2,1000,123265.59
entropy-0.5,100000,2,1000,123529
entropy-0.5,100000,2,1000,123120.84
entropy-0.5,100000,2,1000,123220.42
entropy-0.5,100000,2,1000,124348.7
entropy-0.5,100000,2,1000,123378.61
entropy-0.5,100000,2,1000,124009.984
entropy-0.5,100000,2,1000,123049.625
entropy-0.5,100000,2,1000,123700
entropy-0.5,100000,2,1000,123425.56
entropy-0.5,100000,4,1000,251156.47
entropy-0.5,100000,4,1000,249049.61
entropy-0.5,100000,4,1000,250328.28
entropy-0.5,100000,4,1000,250945.44
entropy-0.5,100000,4,1000,251976.2
entropy-0.5,100000,4,1000,249176.88
entropy-0.5,100000,4,1000,250362.17
entropy-0.5,100000,4,1000,251059.45
entropy-0.5,100000,4,1000,250611.92
entropy-0.5,100000,4,1000,250580.94
entropy-0.25,100000,0.5,1000,37669.688
entropy-0.25,100000,0.5,1000,37337.594
entropy-0.25,100000,0.5,1000,38690.953
entropy-0.25,100000,0.5,1000,40273.58
entropy-0.25,100000,0.5,1000,39702.734
entropy-0.25,100000,0.5,1000,40474.344
entropy-0.25,100000,0.5,1000,39660.11
entropy-0.25,100000,0.5,1000,38965.47
entropy-0.25,100000,0.5,1000,40605.58
entropy-0.25,100000,0.5,1000,42279.625
entropy-0.25,100000,2,1000,183335.61
entropy-0.25,100000,2,1000,183594.2
entropy-0.25,100000,2,1000,184004.78
entropy-0.25,100000,2,1000,184480.23
entropy-0.25,100000,2,1000,183532.92
entropy-0.25,100000,2,1000,182657.67
entropy-0.25,100000,2,1000,183860.36
entropy-0.25,100000,2,1000,183473.9
entropy-0.25,100000,2,1000,182580.69
entropy-0.25,100000,2,1000,183102.9
entropy-0.25,100000,4,1000,372294.25
entropy-0.25,100000,4,1000,372139
entropy-0.25,100000,4,1000,371188.2
entropy-0.25,100000,4,1000,371735.56
entropy-0.25,100000,4,1000,369330.38
entropy-0.25,100000,4,1000,371484.2
entropy-0.25,100000,4,1000,373972.88
entropy-0.25,100000,4,1000,371526.5
entropy-0.25,100000,4,1000,368936.94
entropy-0.25,100000,4,1000,372384.8
entropy-0,100000,0.5,1000,49786
entropy-0,100000,0.5,1000,49872
entropy-0,100000,0.5,1000,51288
entropy-0,100000,0.5,1000,52036
entropy-0,100000,0.5,1000,52664
entropy-0,100000,0.5,1000,53666
entropy-0,100000,0.5,1000,52708
entropy-0,100000,0.5,1000,53872
entropy-0,100000,0.5,1000,53663
entropy-0,100000,0.5,1000,56116
entropy-0,100000,2,1000,244048
entropy-0,100000,2,1000,244912
entropy-0,100000,2,1000,243715
entropy-0,100000,2,1000,242285
entropy-0,100000,2,1000,243570
entropy-0,100000,2,1000,243602
entropy-0,100000,2,1000,242821
entropy-0,100000,2,1000,243394
entropy-0,100000,2,1000,242487
entropy-0,100000,2,1000,243063
entropy-0,100000,4,1000,490315
entropy-0,100000,4,1000,494177
entropy-0,100000,4,1000,493085
entropy-0,100000,4,1000,490522
entropy-0,100000,4,1000,494324
entropy-0,100000,4,1000,494279
entropy-0,100000,4,1000,494246
entropy-0,100000,4,1000,493787
entropy-0,100000,4,1000,496177
entropy-0,100000,4,1000,494646
replicated,100000,0.5,1000,1506
replicated,100000,0.5,1000,1523
replicated,100000,0.5,1000,1438
replicated,100000,0.5,1000,1539
replicated,100000,0.5,1000,1553
replicated,100000,0.5,1000,1448
replicated,100000,0.5,1000,1518
replicated,100000,0.5,1000,1532
replicated,100000,0.5,1000,1480
replicated,100000,0.5,1000,1433
replicated,100000,2,1000,6071
replicated,100000,2,1000,6000
replicated,100000,2,1000,6015
replicated,100000,2,1000,5990
replicated,100000,2,1000,5980
replicated,100000,2,1000,5975
replicated,100000,2,1000,6058
replicated,100000,2,1000,5849
replicated,100000,2,1000,5904
replicated,100000,2,1000,6026
replicated,100000,4,1000,12061
replicated,100000,4,1000,12117
replicated,100000,4,1000,12013
replicated,100000,4,1000,12273
replicated,100000,4,1000,12142
replicated,100000,4,1000,11952
replicated,100000,4,1000,11863
replicated,100000,4,1000,11882
replicated,100000,4,1000,12255
replicated,100000,4,1000,11898
