protocol,#peer,AFR,#object,repair,comment
,,,,, n = 3
replicated,100000,1,1,36
replicated,100000,1,1,25
replicated,100000,1,1,38
replicated,100000,1,1,39
replicated,100000,1,1,28
replicated,100000,1,1,37
replicated,100000,1,1,17
replicated,100000,1,1,37
replicated,100000,1,1,34
replicated,100000,1,1,25
replicated,100000,1,10,305
replicated,100000,1,10,294
replicated,100000,1,10,294
replicated,100000,1,10,286
replicated,100000,1,10,311
replicated,100000,1,10,280
replicated,100000,1,10,314
replicated,100000,1,10,302
replicated,100000,1,10,287
replicated,100000,1,10,291
replicated,100000,1,20,568
replicated,100000,1,20,587
replicated,100000,1,20,633
replicated,100000,1,20,586
replicated,100000,1,20,596
replicated,100000,1,20,604
replicated,100000,1,20,631
replicated,100000,1,20,581
replicated,100000,1,20,613
replicated,100000,1,20,596
replicated,100000,1,30,871
replicated,100000,1,30,837
replicated,100000,1,30,870
replicated,100000,1,30,881
replicated,100000,1,30,900
replicated,100000,1,30,922
replicated,100000,1,30,914
replicated,100000,1,30,874
replicated,100000,1,30,920
replicated,100000,1,30,914
replicated,100000,1,40,1243
replicated,100000,1,40,1127
replicated,100000,1,40,1190
replicated,100000,1,40,1189
replicated,100000,1,40,1233
replicated,100000,1,40,1216
replicated,100000,1,40,1161
replicated,100000,1,40,1258
replicated,100000,1,40,1141
replicated,100000,1,40,1196
replicated,100000,1,50,1506
replicated,100000,1,50,1432
replicated,100000,1,50,1586
replicated,100000,1,50,1570
replicated,100000,1,50,1497
replicated,100000,1,50,1524
replicated,100000,1,50,1556
replicated,100000,1,50,1500
replicated,100000,1,50,1511
replicated,100000,1,50,1416
entropy-0.1,100000,1,50,56219.438
entropy-0.1,100000,1,50,56834.938
entropy-0.1,100000,1,50,56486.58
entropy-0.1,100000,1,50,56892.67
entropy-0.1,100000,1,50,56463.67
entropy-0.1,100000,1,50,56540.97
entropy-0.1,100000,1,50,56546.438
entropy-0.1,100000,1,50,56601.688
entropy-0.1,100000,1,50,56495.125
entropy-0.1,100000,1,50,56318.17
entropy-1.0,100000,1,50,972.2031
entropy-1.0,100000,1,50,965.75
entropy-1.0,100000,1,50,979.6094
entropy-1.0,100000,1,50,979.2969
entropy-1.0,100000,1,50,982.375
entropy-1.0,100000,1,50,975.9844
entropy-1.0,100000,1,50,980
entropy-1.0,100000,1,50,968.03125
entropy-1.0,100000,1,50,981.15625
entropy-1.0,100000,1,50,990.34375
entropy-0.5,100000,1,50,31934.547
entropy-0.5,100000,1,50,32177.969
entropy-0.5,100000,1,50,31759.797
entropy-0.5,100000,1,50,31720.313
entropy-0.5,100000,1,50,31878.078
entropy-0.5,100000,1,50,32038.453
entropy-0.5,100000,1,50,31947.016
entropy-0.5,100000,1,50,31628.828
entropy-0.5,100000,1,50,31753.11
entropy-0.5,100000,1,50,31906.734
entropy-0.8,100000,1,50,13357.422
entropy-0.8,100000,1,50,13322.344
entropy-0.8,100000,1,50,13326.656
entropy-0.8,100000,1,50,13323.391
entropy-0.8,100000,1,50,13107.078
entropy-0.8,100000,1,50,13319.3125
entropy-0.8,100000,1,50,13369.781
entropy-0.8,100000,1,50,13436.641
entropy-0.8,100000,1,50,13352.141
entropy-0.8,100000,1,50,13263.578
entropy-1.0,100000,1,40,765.6719
entropy-1.0,100000,1,40,792.0156
entropy-1.0,100000,1,40,785.0625
entropy-1.0,100000,1,40,784.40625
entropy-1.0,100000,1,40,794.9219
entropy-1.0,100000,1,40,788.6094
entropy-1.0,100000,1,40,777.4844
entropy-1.0,100000,1,40,785.625
entropy-1.0,100000,1,40,777.7969
entropy-1.0,100000,1,40,787.34375
entropy-1.0,100000,1,30,571.6875
entropy-1.0,100000,1,30,578.375
entropy-1.0,100000,1,30,585.5781
entropy-1.0,100000,1,30,594.53125
entropy-1.0,100000,1,30,588.65625
entropy-1.0,100000,1,30,578.9219
entropy-1.0,100000,1,30,582.4531
entropy-1.0,100000,1,30,585.96875
entropy-1.0,100000,1,30,592.1719
entropy-1.0,100000,1,30,588.9375
entropy-0.8,100000,1,30,7855.203
entropy-0.8,100000,1,30,7953.7813
entropy-0.8,100000,1,30,7898.125
entropy-0.8,100000,1,30,7871.672
entropy-0.8,100000,1,30,7933.422
entropy-0.8,100000,1,30,8047.25
entropy-0.8,100000,1,30,8081.453
entropy-0.8,100000,1,30,8015.547
entropy-0.8,100000,1,30,8245.844
entropy-0.8,100000,1,30,7942.9844
entropy-0.5,100000,1,30,19058.375
entropy-0.5,100000,1,30,19105.719
entropy-0.5,100000,1,30,18985.14
entropy-0.5,100000,1,30,19041.11
entropy-0.5,100000,1,30,18883.875
entropy-0.5,100000,1,30,18846.875
entropy-0.5,100000,1,30,19529.734
entropy-0.5,100000,1,30,18914.5
entropy-0.5,100000,1,30,18955.89
entropy-0.5,100000,1,30,19061.5